0,190 0,650 0,012 0,006 0,250 0,030 0,020 0,140 0,002 0,023 0,003 0,004 0,040 0,006 36,800 7,600 460 Высокий
0,190 0,650 0,014 0,007 0,200 0,060 0,030 0,170 0,002 0,024 0,004 0,004 0,040 0,005 37,400 7,770 418 Низкий
0,190 0,650 0,010 0,004 0,210 0,040 0,020 0,170 0,002 0,023 0,003 0,003 0,050 0,007 36,800 6,870 460 Высокий
0,200 0,650 0,010 0,005 0,200 0,040 0,030 0,160 0,002 0,026 0,004 0,004 0,040 0,007 36,900 7,800 420 Низкий
0,200 0,630 0,007 0,005 0,220 0,040 0,020 0,170 0,002 0,023 0,003 0,003 0,040 0,008 36,000 7,800 411 Низкий
0,200 0,630 0,007 0,005 0,220 0,040 0,020 0,170 0,002 0,023 0,003 0,003 0,040 0,008 36,000 7,800 422 Низкий
0,190 0,680 0,011 0,007 0,180 0,060 0,040 0,180 0,002 0,023 0,003 0,003 0,040 0,007 36,200 6,900 455 Высокий
0,190 0,660 0,012 0,006 0,200 0,060 0,030 0,170 0,002 0,021 0,003 0,003 0,040 0,006 36,800 7,600 420 Низкий
0,190 0,660 0,012 0,006 0,200 0,060 0,030 0,170 0,002 0,021 0,003 0,003 0,040 0,006 36,900 6,900 405 Низкий
0,190 0,660 0,012 0,006 0,200 0,060 0,030 0,170 0,002 0,021 0,003 0,003 0,040 0,006 36,800 7,600 420 Низкий
0,190 0,650 0,110 0,004 0,200 0,060 0,050 0,180 0,002 0,022 0,004 0,003 0,030 0,008 37,000 7,600 415 Низкий
0,190 0,640 0,010 0,009 0,230 0,050 0,030 0,150 0,003 0,023 0,003 0,003 0,040 0,007 36,500 7,230 415 Низкий
0,190 0,660 0,012 0,006 0,200 0,060 0,030 0,170 0,002 0,021 0,003 0,003 0,040 0,006 36,800 7,600 420 Низкий
0,190 0,660 0,012 0,006 0,200 0,060 0,030 0,170 0,002 0,021 0,003 0,003 0,040 0,006 36,800 7,600 420 Низкий
0,190 0,680 0,011 0,007 0,180 0,060 0,040 0,180 0,002 0,023 0,003 0,003 0,040 0,007 36,200 6,900 455 Высокий
0,190 0,670 0,008 0,004 0,210 0,040 0,020 0,180 0,003 0,022 0,003 0,003 0,040 0,006 37,200 7,810 460 Высокий
0,190 0,650 0,011 0,004 0,200 0,060 0,050 0,180 0,002 0,022 0,004 0,003 0,030 0,008 37,000 7,600 415 Низкий